262,1044,0,-1000,-17,udevd
287,872,0,-1000,-17,udevd
288,776,0,-1000,-17,udevd
318,776,0,0,0,syslogd
523,2368,3,0,0,ipacm_perf
527,300,0,0,0,init_mss
534,3624,4,0,0,ipacm
558,1668,2,0,0,ipacmdiag
572,1532,1,0,0,port_bridge
584,4868,6,0,0,netmgrd
591,1168,1,0,0,tftp_server
680,228,0,0,0,qrtr-ns
695,2396,3,0,0,qti
711,328,0,0,0,rngd
765,1040,1,0,0,syslogd_monitor
783,596,0,0,0,mifi_debugd
799,1384,1,0,0,msgbusd
837,5536,6,0,0,settingsd
838,3232,4,0,0,dsmd
848,1680,2,0,0,mifi_healthd
943,796,1,0,0,nvtl_mem_diag.s
986,1624,2,0,0,mifi_watchdogd
1093,2908,3,0,0,router2d
1094,2708,3,0,0,usbd
1099,1684,2,0,0,wan_mgrd
1106,1292,1,0,0,devuid
1185,3276,4,0,0,ansd
1237,2316,2,0,0,wifid
1257,4464,5,0,0,powersaved
1274,4012,5,0,0,factory_resetd
1302,3060,3,0,0,fotad
1314,5940,7,0,0,modem2d
1315,3680,4,0,0,duad
1333,2504,3,0,0,sim_mgrd
1345,2296,2,0,0,ccm2d
1355,1900,2,0,0,adbd
1384,2980,3,0,0,gpsd
1413,2444,3,0,0,smsd
1445,6628,8,0,0,dmdbd
1480,1784,2,0,0,vpnd
1506,3252,4,0,0,ledd
1507,1412,1,0,0,diag_read
1666,4700,5,0,0,nua_timer_watch
1686,13m,17,0,0,deviceagentd
1687,2120,2,0,0,emd
1748,5524,6,0,0,cloud_engined
1763,4772,6,0,0,nuad
1793,6356,8,0,0,webuid
1891,2296,2,0,0,lighttpd
1892,4576,5,0,0,sysser.fcgi
1893,5736,7,0,0,restapi.fcgi
1911,2260,2,0,0,qmuxbridge
1912,616,0,0,0,getty
1941,3288,4,0,0,hostapd
1960,3276,4,0,0,hostapd
2337,2988,3,0,0,dhcpd
3537,516,0,0,0,radvd
3540,328,0,0,0,radvd
3560,1848,2,0,0,dhcpd6
3609,792,1,0,0,dnsmasq
32286,408,0,0,0,sleep
32310,620,0,0,0,ps
32311,568,0,0,0,awk
